EMOTION REPORT
              precision    recall  f1-score   support

           0       0.27      0.55      0.36       958
           1       0.24      0.29      0.26       111
           2       0.39      0.12      0.18      1024
           3       0.56      0.83      0.67      1774
           4       0.60      0.08      0.14      1233
           5       0.37      0.39      0.38      1247
           6       0.70      0.56      0.62       831

    accuracy                           0.45      7178
   macro avg       0.45      0.40      0.37      7178
weighted avg       0.48      0.45      0.41      7178
